inventory: {}
gameMode: SURVIVAL
health: 20.0
foodLevel: 20
walkSpeed: 0.2
flySpeed: 0.1
exp: 0
location:
  ==: org.bukkit.Location
  world: world
  x: -80.4150528362935
  y: 170.0
  z: -36.83172611079833
  pitch: 54.600025
  yaw: 78.30004
potion: {}
