gameMode: SURVIVAL
health: 20.0
foodLevel: 20
walkSpeed: 0.2
flySpeed: 0.1
exp: 0
location:
  ==: org.bukkit.Location
  world: world
  x: 46.521359131350295
  y: 169.0
  z: 90.69999998807907
  pitch: 36.59997
  yaw: -1.2000365
potion: {}
inventory: {}
