gameMode: SURVIVAL
health: 20.0
foodLevel: 20
walkSpeed: 0.2
flySpeed: 0.1
exp: 0
location:
  ==: org.bukkit.Location
  world: world_survive
  x: -115.93847679805192
  y: 66.0
  z: 2860.4683354921654
  pitch: 6.0000563
  yaw: 156.15007
potion: {}
